12099
11580
12272
12443
13449
13427
13874
13825
13140
13663
13064
13488
12527
12060
13163
13377
14089
13999
14447
14121
13376
13961
13520
13736
12714
12293
13647
13645
14351
14720
15138
15596
14722
14856
14536
15004
13871
13212
14757
14630
15945
16207
16057
16217
15194
15157
14681
15185
14473
14159
15616
16024
17428
16957
17039
17271
15975
16671
16237
16575
15956
14912
16562
16364
17316
17049
17478
17733
16791
17162
16006
16371
15235
14063
15358
15687
16780
16730
17294
16818
15859
16410
15373
16120
15115
14270
16298
17201
17908
17923
19120
19278
18559
18967
18232
19653
17693
18294
20819
19768
21214
22242
22264
22138
21668
21712
20898
21106
20089
18935
20797
21661
23850
23244
22072
22653
21379
20434
18437
17832
17504
16704
19833
21106
22228
21666
22981
23131
21378
22265
20887
20936
21204
20852
23872
22829
23293
22801
23994
24965
23400
23645
21946
22386
22773
22554
25602
26207
28578
28403
29286
28729
27351
29544
27676
27303
25566
24982
29380
30549
31151
31862
33888
36204
36260
36557
31260
31264
30800
29253
33887
36002
39016
39126
40585
41051
34830
33208
31556
32662
30922
29762
35603
36677
41378
40481
40696
40387
37675
39425
39802
39014
38679
37597
42199
43629
48467
50034
51663
48989
45100
40537
29791
26298
26461
25524
28331
29307
32796
35786
36182
36822
34219
34905
34220
35137
34040
31802
37115
38162
39001
38062
38883
38355
36945
38224
36796
38765
37659
36290
43860
45268
47615
46880
47493
47602
44738
44421
42312
42058
40742
41540
47587
46882
48401
45734
45921
49407
46481
48317
43862
42239
