2.859109
2.860827
2.838636
2.828957
2.80604
2.809666
2.763351
2.836453
2.859109
2.839971
2.836453
2.831156
2.853925
2.865975
2.890046
2.920518
2.924138
2.959041
2.932178
3.029755
3.036988
3.06121
3.029755
3.0283
3.0341
3.054146
3.068299
3.044096
3.035547
3.045606
2.976043
3.023925
3.045606
3.05273
3.041306
3.0283
3.042743
3.06402
3.065759
3.049548
3.029755
3.032656
2.963703
3.072409
3.122628
3.140991
3.140991
3.126593
3.13578
3.1603
3.173151
3.161388
3.162846
3.165385
3.118647
3.162846
3.157744
3.162846
3.118647
3.080724
3.084858
3.098513
3.090667
3.087276
3.084858
3.095798
3.039872
3.084858
3.103921
3.123953
3.126593
3.122628
3.144883
3.169184
3.187011
3.201217
3.205169
3.216079
3.162846
3.20882
3.231633
3.259725
3.250447
3.236369
3.238728
3.248115
3.255157
3.249217
3.241086
3.245777
3.152619
3.236369
3.270058
3.288169
3.270058
3.260876
3.260876
3.283673
3.281683
3.268641
3.258568
3.278022
3.220893
3.27348
3.275754
3.270058
3.236369
3.195373
3.182986
3.172965
3.16306
3.144665
3.150047
3.192908
3.147469
3.210036
3.241086
3.250447
3.263179
3.243435
3.259725
3.288169
3.313702
3.320123
3.336348
3.35436
3.274616
3.280286
3.298214
3.299326
3.284797
3.31801
3.344866
3.350152
3.345119
3.343551
3.338484
3.340614
3.282544
3.313643
3.327761
3.332064
3.298214
3.256255
3.260876
3.271198
3.288257
3.302563
3.321269
3.348042
3.299326
3.345923
3.367915
3.389434
3.381293
3.366881
3.359596
3.388422
3.399761
3.409271
3.406522
3.419396
3.371019
3.400526
3.435981
3.439846
3.422341
3.398519
3.406522
3.43695
3.446796
3.459661
3.466478
3.484155
3.419396
3.446571
3.487836
3.503335
3.485997
3.45894
3.471161
3.498801
3.507897
3.514081
3.523039
3.538006
3.480457
3.516811
3.554473
3.546707
3.552752
3.540625
3.55619
3.58077
3.598392
3.602927
3.608024
3.630579
3.577413
3.606393
3.637722
3.659625
3.644028
3.628186
3.641669
3.668099
3.685015
3.687671
3.692355
3.713837
3.652637
3.686345
3.729833
3.739881
3.713837
3.689354
3.695345
3.705168
3.707436
3.705389
3.701294
3.722959
3.65785
3.708887
3.736518
3.742519
3.738947
3.722294
3.724227
3.748908
3.75551
3.754407
3.765986
3.790724
3.72739
3.755668
3.793162
3.796576
3.792056
3.764169
3.773431
3.801906
3.814255
3.80533
3.803339
3.833905
3.774744
3.811837
3.841334
3.840329
3.812191
3.779421
3.764417
3.788102
3.794104
3.780441
3.784355
3.803702
3.746003
3.777203
3.798285
3.775857
3.749619
3.740603
3.752816
3.777487
3.77715
3.782593
3.787468
3.812606
3.748041
3.780142
3.82308
3.827901
3.809555
3.7832
3.816313
3.845363
3.859127
3.866526
3.869418
3.891607
3.832981
3.874223
3.908344
3.924297
3.922012
3.908825
3.913803
3.946723
3.948373
3.945976
3.951282
3.972139
3.925866
3.940874
3.974886
3.98644
3.978783
3.950069
3.944052
3.958295
3.961511
3.95242
3.967082
3.984633
3.937591
3.948725
3.971766
3.971947
3.926696
3.874671
3.855683
3.850175
3.843322
3.83924
3.837019
3.863737
3.823211
3.861365
3.891624
3.896417
3.887037
3.881499
3.893661
3.920419
3.923802
3.918627
3.931562
3.950591
3.904732
3.931943
3.953289
3.959578
3.961416
3.955924
3.949361
3.981317
3.996585
3.999013
4.007014
4.033489
3.987059
4.002784
4.029208
4.035641
4.023261
4.011482
3.998253
4.021668
4.04254
4.027857
4.026014
4.051768
4.00079
4.023452
4.049623
4.060927
4.054472
4.047321
4.038256
4.064966
4.07399
4.045725
4.060017
4.07809
4.029593
4.043374
4.063411
4.069837
4.056859
4.048164
4.049748
4.06773
4.071214
4.036306
4.00887
4.013637
3.966426
3.997371
4.026084
4.036504
4.042988
4.04213
4.0363
4.045578
4.05397
4.036176
4.040576
4.062469
4.033858
4.056014
4.056561
4.051536
4.031497
4.017248
4.022302
4.029971
4.021972
4.000523
3.990074
4.005051
3.969157
3.983707
3.988423
3.978661
3.963805
3.95134
3.978359
3.98089
3.992256
3.987672
3.991377
4.017545
3.999171
4.031714
4.058569
4.06315
4.053295
4.052651
4.084922
4.09735
4.101828
4.097844
4.095289
4.118847
4.086754
4.110659
4.120897
4.114391
4.105947
4.101451
4.111175
4.124819
4.123607
4.107504
4.105983
4.127504
4.087171
4.114918
4.129382
4.11934
4.110608
4.117737
4.134225
4.134883
4.122535
4.115659
4.11042
4.130567
4.099437
4.126428
4.136998
4.133628
4.125423
4.129541
4.138036
4.160521
4.158809
4.148293
4.156115
4.186229
4.155589
4.191852
4.196939
4.209021
4.2013
4.198171
4.209919
4.220851
4.222878
4.212195
4.212828
4.241384
4.20706
4.240048
4.243631
4.243343
4.231026
4.226851
4.238257
4.241331
4.238151
4.236026
4.223109
4.249632
4.203061
4.244784
4.24643
4.240096
4.229126
4.230659
4.231688
4.244622
4.24848
4.229633
4.238233
4.267722
4.232325
4.264849
4.272143
4.258164
4.231839
4.217358
4.222043
4.217783
4.208697
4.205279
4.212868
4.249683
4.214662
4.250391
4.259555
4.251877
4.234318
4.221491
4.225412
4.23916
4.247353
4.238875
4.24517
4.272613
4.242887
4.274732
4.276718
4.281522
4.272586
4.265925
4.271669
4.28459
4.284278
4.271403
4.26993
4.299634
4.267616
4.303349
4.307861
4.308915
4.301203
4.298167
4.307369
4.314215
4.32716
4.313191
4.32084
4.356092
4.317472
4.362185
4.368813
4.368521
4.362897
4.36616
4.369705
4.37955
4.38505
4.360096
4.367283
4.401766
4.35864
4.409621
4.418506
4.404305
4.39632
4.394628
4.388384
4.411838
4.41595
4.402529
4.40988
4.450773
4.407234
4.454073
4.467368
4.454568
4.45262
4.450356
4.452619
4.472071
4.4843
4.472436
4.475016
4.505541
4.465474
4.52048
4.538127
4.537317
4.540466
4.539403
4.534959
4.546759
4.554413
4.532859
4.547394
4.564904
4.527189
4.580128
4.576939
4.582761
4.571748
4.569793
4.572091
4.581871
4.59746
4.575234
4.58616
4.612281
4.572329
4.619153
4.614715
4.624302
4.618628
4.621573
4.620469
4.629107
4.646113
4.631513
4.634336
4.666625
4.619305
4.656193
4.661017
4.650969
4.640607
4.637443
4.627092
4.626712
4.634084
4.599034
4.605136
4.627698
4.581249
4.617773
4.609189
4.595369
4.578574
4.574508
4.580278
4.585928
4.602554
4.590338
4.597162
4.635571
4.586681
4.63044
4.628784
4.616902
4.605898
4.599543
4.60769
4.619851
4.627152
4.59663
4.601568
4.630447
4.58762
4.633007
4.634194
4.626529
4.623372
4.621143
4.621783
4.638817
4.639122
4.620687
4.634125
4.65469
4.622596
4.659367
4.653671
4.656307
4.647937
4.655206
4.659991
4.669857
4.674723
4.661021
4.664537
4.696927
4.661348
4.696886
4.689116
4.675831
4.675857
4.685352
4.679423
4.68591
4.697607
4.675429
4.688294
4.719983
4.69024
4.72204
4.711269
4.700166
4.688873
4.698418
4.691302
4.702174
4.708152
4.693473
4.701232
4.732217
4.706082
4.737051
4.732945
4.718261
4.714128
4.718586
