7515284153
7432663275
7349472099
7265785946
7181715139
7097500453
7013427052
6929725043
6846479521
6763732879
6681607320
6600220247
6519635850
6439842408
6360764684
6282301767
6204310739
6126622121
6049205203
5971882825
5894155105
5815392305
5735123084
5653315893
5570045380
5485115276
5398328753
5309667699
5218978019
5126632694
5033804944
4942056118
4852540569
4765657562
4681210508
4599003374
4518602042
4439632465
4362189531
4286282447
4211322427
4136542070
4061399228
3985733775
3909722120
3833594894
3757734668
3682487691
3607865513
3533966901
3461343172
3390685523
3322495121
3256988501
3194075347
3133554362
3075073173
3018343828
2963216053
2909651396
2857662910
2807246148
2758314525
2710677773
2664029010
2617940399
2571867515
